;M0;M1;M2;M3
merge_0;5.294117647058823;81.76470588235294;12.941176470588237;0.0
merge_1;2.941176470588235;90.0;0.0;7.0588235294117645
merge_2;2.941176470588235;94.70588235294117;0.0;2.3529411764705883
merge_3;0.5882352941176471;94.70588235294117;0.0;4.705882352941177
merge_4;4.705882352941177;90.0;4.705882352941177;0.5882352941176471
merge_5;2.941176470588235;74.70588235294117;7.0588235294117645;15.294117647058824
merge_6;3.5294117647058822;91.76470588235294;1.7647058823529411;2.941176470588235
merge_7;5.88235294117647;78.23529411764706;4.117647058823529;11.76470588235294
merge_8;2.941176470588235;88.23529411764706;8.235294117647058;0.5882352941176471
merge_9;4.705882352941177;45.88235294117647;0.5882352941176471;48.8235294117647
merge_10;0.0;93.52941176470588;6.470588235294119;0.0
merge_11;7.0588235294117645;44.70588235294118;2.3529411764705883;45.88235294117647
merge_12;0.5882352941176471;99.41176470588235;0.0;0.0
merge_13;5.294117647058823;92.94117647058823;0.0;1.7647058823529411
merge_14;5.294117647058823;45.88235294117647;48.8235294117647;0.0
merge_15;5.294117647058823;85.88235294117646;0.0;8.823529411764707
merge_16;5.294117647058823;81.76470588235294;0.0;12.941176470588237
merge_17;7.647058823529412;36.470588235294116;50.0;5.88235294117647
merge_18;11.176470588235295;49.411764705882355;38.82352941176471;0.5882352941176471
merge_19;2.3529411764705883;89.41176470588236;7.647058823529412;0.5882352941176471
merge_20;2.941176470588235;94.11764705882352;2.3529411764705883;0.5882352941176471
merge_21;0.0;86.47058823529412;0.0;13.529411764705882
merge_22;4.117647058823529;93.52941176470588;2.3529411764705883;0.0
merge_23;2.941176470588235;97.05882352941177;0.0;0.0
merge_24;2.941176470588235;83.52941176470588;0.0;13.529411764705882
merge_25;0.5882352941176471;94.11764705882352;5.294117647058823;0.0
merge_26;1.1764705882352942;94.11764705882352;1.7647058823529411;2.941176470588235
merge_27;4.705882352941177;90.58823529411765;4.117647058823529;0.5882352941176471
merge_28;0.0;94.11764705882352;5.88235294117647;0.0
merge_29;5.294117647058823;94.70588235294117;0.0;0.0
merge_30;6.470588235294119;67.64705882352942;2.941176470588235;22.941176470588236
merge_31;2.941176470588235;85.29411764705883;5.88235294117647;5.88235294117647
merge_32;7.0588235294117645;61.76470588235294;20.0;11.176470588235295
merge_33;5.294117647058823;92.3529411764706;2.3529411764705883;0.0
merge_34;6.470588235294119;81.76470588235294;8.823529411764707;2.941176470588235
merge_35;5.294117647058823;92.94117647058823;1.7647058823529411;0.0
merge_36;5.294117647058823;88.8235294117647;0.0;5.88235294117647
merge_37;2.941176470588235;84.70588235294117;5.294117647058823;7.0588235294117645
merge_38;5.88235294117647;71.17647058823529;12.352941176470589;10.588235294117647
merge_39;5.294117647058823;78.82352941176471;0.0;15.88235294117647
merge_40;50.0;38.82352941176471;2.941176470588235;8.235294117647058
merge_41;0.0;95.29411764705881;4.117647058823529;0.5882352941176471
merge_42;0.0;46.470588235294116;53.529411764705884;0.0
merge_43;6.470588235294119;85.29411764705883;0.5882352941176471;7.647058823529412
merge_44;9.411764705882353;77.05882352941177;4.705882352941177;8.823529411764707
merge_45;2.941176470588235;96.47058823529412;0.5882352941176471;0.0
merge_46;5.294117647058823;86.47058823529412;7.647058823529412;0.5882352941176471
merge_47;1.7647058823529411;94.70588235294117;2.3529411764705883;1.1764705882352942
merge_48;0.0;100.0;0.0;0.0
merge_49;5.294117647058823;92.94117647058823;0.5882352941176471;1.1764705882352942
merge_50;5.294117647058823;88.23529411764706;0.0;6.470588235294119
merge_51;2.941176470588235;77.05882352941177;0.0;20.0
merge_52;1.7647058823529411;93.52941176470588;3.5294117647058822;1.1764705882352942
merge_53;0.0;97.05882352941177;0.0;2.941176470588235
merge_54;2.941176470588235;60.0;37.05882352941177;0.0
merge_55;0.5882352941176471;90.58823529411765;0.0;8.823529411764707
merge_56;4.705882352941177;45.88235294117647;0.5882352941176471;48.8235294117647
merge_57;1.7647058823529411;75.29411764705883;4.117647058823529;18.823529411764707
merge_58;1.1764705882352942;86.47058823529412;8.235294117647058;4.117647058823529
merge_59;0.5882352941176471;87.6470588235294;2.941176470588235;8.823529411764707
merge_60;2.941176470588235;97.05882352941177;0.0;0.0
merge_61;0.0;94.11764705882352;5.88235294117647;0.0
merge_62;5.294117647058823;90.0;4.705882352941177;0.0
merge_63;5.294117647058823;90.58823529411765;4.117647058823529;0.0
merge_64;2.941176470588235;94.70588235294117;2.3529411764705883;0.0
merge_65;5.294117647058823;92.3529411764706;0.5882352941176471;1.7647058823529411
merge_66;4.117647058823529;92.94117647058823;1.7647058823529411;1.1764705882352942
merge_67;5.294117647058823;94.70588235294117;0.0;0.0
merge_68;5.88235294117647;38.23529411764706;7.647058823529412;48.23529411764706
merge_69;5.88235294117647;87.05882352941177;0.0;7.0588235294117645
merge_70;5.294117647058823;79.41176470588235;0.0;15.294117647058824
merge_71;5.294117647058823;63.52941176470588;0.0;31.176470588235293
merge_72;5.294117647058823;86.47058823529412;0.0;8.235294117647058
merge_73;0.5882352941176471;97.05882352941177;0.0;2.3529411764705883
merge_74;2.941176470588235;84.11764705882354;10.588235294117647;2.3529411764705883
merge_75;0.0;94.70588235294117;5.294117647058823;0.0
merge_76;2.941176470588235;80.58823529411765;16.470588235294116;0.0
merge_77;5.294117647058823;94.70588235294117;0.0;0.0
merge_78;0.5882352941176471;93.52941176470588;0.5882352941176471;5.294117647058823
merge_79;0.0;51.76470588235295;48.23529411764706;0.0
merge_80;5.294117647058823;94.70588235294117;0.0;0.0
merge_81;5.294117647058823;72.35294117647058;1.7647058823529411;20.588235294117645
merge_82;5.294117647058823;84.70588235294117;5.294117647058823;4.705882352941177
merge_83;5.88235294117647;82.94117647058825;10.0;1.1764705882352942
merge_84;1.1764705882352942;88.23529411764706;7.647058823529412;2.941176470588235
merge_85;11.176470588235295;81.17647058823529;0.5882352941176471;7.0588235294117645
merge_86;0.0;97.05882352941177;0.0;2.941176470588235
merge_87;0.0;86.47058823529412;0.0;13.529411764705882
merge_88;8.235294117647058;85.88235294117646;5.294117647058823;0.5882352941176471
merge_89;2.941176470588235;94.70588235294117;1.7647058823529411;0.5882352941176471
merge_90;0.5882352941176471;92.94117647058823;0.0;6.470588235294119
merge_91;2.3529411764705883;88.8235294117647;3.5294117647058822;5.294117647058823
merge_92;5.294117647058823;94.70588235294117;0.0;0.0
merge_93;4.705882352941177;93.52941176470588;0.5882352941176471;1.1764705882352942
merge_94;5.294117647058823;37.64705882352941;0.0;57.05882352941176
merge_95;5.294117647058823;72.94117647058823;21.176470588235293;0.5882352941176471
merge_96;7.0588235294117645;44.70588235294118;1.1764705882352942;47.05882352941176
merge_97;6.470588235294119;45.294117647058826;0.5882352941176471;47.647058823529406
merge_98;2.941176470588235;94.70588235294117;0.0;2.3529411764705883
merge_99;5.294117647058823;72.35294117647058;0.0;22.35294117647059
